   run       event chan      mZ1     mZ2      m4l  lepton pT [GeV]
195099   137440354 eemumu   75.75   29.19   126.69  24.1 43.2 21.2 10.3
198213    27000461 eemumu   67.74   39.00   121.50  37.8 36.5 19.1 9.6
199319  1203594102 mumumumu   58.39   45.68   125.64  40.6 20.7 27.8 15.1
200091  1605749984 eemumu   92.22   34.32   129.88  47.2 15.5 14.0 8.1
200466   153791279 eemumu   90.32   34.84   126.47  13.7 78.0 18.2 24.5
201174   216745941 eemumu   86.89   19.93   124.93  50.5 37.0 28.6 14.2
201191  1357605031 eemumu   80.84   14.51   128.58  24.4 70.1 22.8 13.2
201707   635670564 mumumumu   88.42   25.00   122.35  58.0 35.6 16.1 11.4
201707   805047482 eeee    74.24   13.99   125.37  37.7 36.6 29.4 28.1
202178  1430970868 mumumumu   77.43   24.64   122.49  63.1 23.6 9.2 22.1
202299   421267699 eeee    93.72   28.68   125.16  36.1 42.7 11.6 16.5

channel counts: {'eemumu': 6, 'mumumumu': 3, 'eeee': 2}
m4l min/max: 121.50 / 129.88 GeV
